{
 "cells": [
  {
   "cell_type": "code",
   "execution_count": 1,
   "id": "326ef1b2-3569-4698-a09f-1bf1f83a698c",
   "metadata": {},
   "outputs": [],
   "source": [
    "import numpy as np\n",
    "import pandas as pd\n",
    "import pickle\n",
    "from datetime import datetime\n",
    "import matplotlib.pyplot as plt\n",
    "import seaborn as sns\n",
    "\n",
    "# import from scripts\n",
    "import os\n",
    "current_wd = os.getcwd()\n",
    "os.chdir(os.path.abspath(\"..\\\\..\\\\..\\\\isttc\\\\scripts\"))\n",
    "#os.chdir(os.path.abspath(\"C:\\\\Users\\\\ipoch\\\\Documents\\\\repos\\\\isttc\\\\scripts\"))\n",
    "from calculate_tau import fit_single_exp, func_single_exp, func_single_exp_monkey\n",
    "from cfg_global import project_folder_path\n",
    "os.chdir(current_wd)"
   ]
  },
  {
   "cell_type": "code",
   "execution_count": 2,
   "id": "80b0a81b-93bd-45c3-a47e-7c78801412ac",
   "metadata": {},
   "outputs": [],
   "source": [
    "dataset_folder = project_folder_path + 'results\\\\allen_mice\\\\dataset\\\\cut_30min\\\\'\n",
    "fig_folder = project_folder_path + 'results\\\\allen_mice\\\\fig_draft_paper\\\\'"
   ]
  },
  {
   "cell_type": "markdown",
   "id": "80dd2cdc-b207-4b5b-8495-2fd92b7aaf36",
   "metadata": {},
   "source": [
    "#### Load data"
   ]
  },
  {
   "cell_type": "code",
   "execution_count": 3,
   "id": "4f3f3c17-bedf-46d7-a4d6-4312ea2c6296",
   "metadata": {},
   "outputs": [
    {
     "data": {
      "text/html": [
       "<div>\n",
       "<style scoped>\n",
       "    .dataframe tbody tr th:only-of-type {\n",
       "        vertical-align: middle;\n",
       "    }\n",
       "\n",
       "    .dataframe tbody tr th {\n",
       "        vertical-align: top;\n",
       "    }\n",
       "\n",
       "    .dataframe thead th {\n",
       "        text-align: right;\n",
       "    }\n",
       "</style>\n",
       "<table border=\"1\" class=\"dataframe\">\n",
       "  <thead>\n",
       "    <tr style=\"text-align: right;\">\n",
       "      <th></th>\n",
       "      <th>unit_id</th>\n",
       "      <th>ecephys_structure_acronym</th>\n",
       "    </tr>\n",
       "  </thead>\n",
       "  <tbody>\n",
       "    <tr>\n",
       "      <th>66</th>\n",
       "      <td>950913540</td>\n",
       "      <td>VISam</td>\n",
       "    </tr>\n",
       "    <tr>\n",
       "      <th>67</th>\n",
       "      <td>950915005</td>\n",
       "      <td>VISam</td>\n",
       "    </tr>\n",
       "  </tbody>\n",
       "</table>\n",
       "</div>"
      ],
      "text/plain": [
       "      unit_id ecephys_structure_acronym\n",
       "66  950913540                     VISam\n",
       "67  950915005                     VISam"
      ]
     },
     "execution_count": 3,
     "metadata": {},
     "output_type": "execute_result"
    }
   ],
   "source": [
    "units_info_df = pd.read_pickle(dataset_folder + 'sua_list_constrained_units_df.pkl')\n",
    "units_info_df_subset = units_info_df[['unit_id', 'ecephys_structure_acronym']].copy()\n",
    "units_info_df_subset.head(2)"
   ]
  },
  {
   "cell_type": "code",
   "execution_count": 12,
   "id": "8fc788a8-a0a9-4478-9ede-932f1a5443e9",
   "metadata": {},
   "outputs": [],
   "source": [
    "acf_full_df_file = dataset_folder + 'binned\\\\acf\\\\acf_full_50ms_20lags_df.pkl'\n",
    "acf_full_df = pd.read_pickle(acf_full_df_file)\n",
    "\n",
    "acf_isttc_full_df_file = dataset_folder + 'non_binned\\\\acf\\\\acf_isttc_full_50ms_20lags_df.pkl'\n",
    "acf_isttc_full_df = pd.read_pickle(acf_isttc_full_df_file)"
   ]
  },
  {
   "cell_type": "markdown",
   "id": "0ea50eb8-b8b4-4ab6-aaee-e393d79b6a36",
   "metadata": {},
   "source": [
    "#### Calculate tau per unit"
   ]
  },
  {
   "cell_type": "code",
   "execution_count": 4,
   "id": "2a3f1ff7-4cf2-4c91-a2dc-a2d81ee87e27",
   "metadata": {},
   "outputs": [
    {
     "name": "stdout",
     "output_type": "stream",
     "text": [
      "acf_cols ['acf_0', 'acf_1', 'acf_2', 'acf_3', 'acf_4', 'acf_5', 'acf_6', 'acf_7', 'acf_8', 'acf_9', 'acf_10', 'acf_11', 'acf_12', 'acf_13', 'acf_14', 'acf_15', 'acf_16', 'acf_17', 'acf_18', 'acf_19', 'acf_20']\n"
     ]
    }
   ],
   "source": [
    "n_lags = 20\n",
    "acf_cols = ['acf_' + str(i) for i in range(n_lags+1)]\n",
    "print('acf_cols {}'.format(acf_cols))"
   ]
  },
  {
   "cell_type": "code",
   "execution_count": 13,
   "id": "86379712-f7a1-40df-bccb-d39e55207296",
   "metadata": {},
   "outputs": [
    {
     "name": "stdout",
     "output_type": "stream",
     "text": [
      "acf_2d shape (5775, 21)\n",
      "acf_full_unit_ids shape (5775,)\n",
      "#####\n",
      "Processing unit 950913540, 1/5775, 2025-04-07 18:32:02.979273\n",
      "#####\n",
      "Processing unit 950929874, 101/5775, 2025-04-07 18:32:04.465285\n",
      "#####\n",
      "Processing unit 950943620, 201/5775, 2025-04-07 18:32:07.000454\n",
      "#####\n",
      "Processing unit 950917982, 301/5775, 2025-04-07 18:32:08.477402\n",
      "#####\n",
      "Processing unit 950932317, 401/5775, 2025-04-07 18:32:10.679057\n",
      "#####\n",
      "Processing unit 950925550, 501/5775, 2025-04-07 18:32:13.230908\n",
      "#####\n",
      "Processing unit 950950121, 601/5775, 2025-04-07 18:32:15.063452\n",
      "#####\n",
      "Processing unit 950912481, 701/5775, 2025-04-07 18:32:16.476815\n",
      "#####\n",
      "Processing unit 950918988, 801/5775, 2025-04-07 18:32:18.146716\n",
      "#####\n",
      "Processing unit 950940942, 901/5775, 2025-04-07 18:32:20.519924\n",
      "#####\n",
      "Processing unit 950993240, 1001/5775, 2025-04-07 18:32:22.024851\n",
      "#####\n",
      "Processing unit 951010492, 1101/5775, 2025-04-07 18:32:23.527307\n",
      "#####\n",
      "Processing unit 950991745, 1201/5775, 2025-04-07 18:32:25.431305\n",
      "#####\n",
      "Processing unit 951016626, 1301/5775, 2025-04-07 18:32:27.351083\n",
      "#####\n",
      "Processing unit 951026074, 1401/5775, 2025-04-07 18:32:28.493932\n",
      "#####\n",
      "Processing unit 951035236, 1501/5775, 2025-04-07 18:32:31.468972\n",
      "#####\n",
      "Processing unit 951007939, 1601/5775, 2025-04-07 18:32:32.511395\n",
      "#####\n",
      "Processing unit 951024613, 1701/5775, 2025-04-07 18:32:34.583144\n",
      "#####\n",
      "Processing unit 951046653, 1801/5775, 2025-04-07 18:32:35.819532\n",
      "#####\n",
      "Processing unit 951005000, 1901/5775, 2025-04-07 18:32:39.152587\n",
      "#####\n",
      "Processing unit 951013832, 2001/5775, 2025-04-07 18:32:40.191886\n",
      "#####\n",
      "Processing unit 950997213, 2101/5775, 2025-04-07 18:32:44.977566\n",
      "#####\n",
      "Processing unit 951010426, 2201/5775, 2025-04-07 18:32:47.754535\n",
      "#####\n",
      "Processing unit 951020858, 2301/5775, 2025-04-07 18:32:49.755150\n",
      "#####\n",
      "Processing unit 951001485, 2401/5775, 2025-04-07 18:32:51.217723\n",
      "#####\n",
      "Processing unit 951012897, 2501/5775, 2025-04-07 18:32:52.332494\n",
      "#####\n",
      "Processing unit 951014053, 2601/5775, 2025-04-07 18:32:53.930910\n",
      "#####\n",
      "Processing unit 951032518, 2701/5775, 2025-04-07 18:32:55.763908\n",
      "#####\n",
      "Processing unit 951062351, 2801/5775, 2025-04-07 18:32:59.492003\n",
      "#####\n",
      "Processing unit 951065862, 2901/5775, 2025-04-07 18:33:01.511297\n",
      "#####\n",
      "Processing unit 951070553, 3001/5775, 2025-04-07 18:33:03.684921\n",
      "#####\n",
      "Processing unit 951083703, 3101/5775, 2025-04-07 18:33:05.197788\n",
      "#####\n",
      "Processing unit 951087080, 3201/5775, 2025-04-07 18:33:05.801033\n",
      "#####\n",
      "Processing unit 951093387, 3301/5775, 2025-04-07 18:33:06.828510\n",
      "#####\n",
      "Processing unit 951106232, 3401/5775, 2025-04-07 18:33:07.770812\n",
      "#####\n",
      "Processing unit 951149703, 3501/5775, 2025-04-07 18:33:08.414884\n",
      "#####\n",
      "Processing unit 951158427, 3601/5775, 2025-04-07 18:33:09.080598\n",
      "#####\n",
      "Processing unit 951140480, 3701/5775, 2025-04-07 18:33:12.450221\n",
      "#####\n",
      "Processing unit 951147680, 3801/5775, 2025-04-07 18:33:13.562653\n",
      "#####\n",
      "Processing unit 951141838, 3901/5775, 2025-04-07 18:33:14.774945\n",
      "#####\n",
      "Processing unit 951148235, 4001/5775, 2025-04-07 18:33:16.009322\n",
      "#####\n",
      "Processing unit 951085480, 4101/5775, 2025-04-07 18:33:17.323157\n",
      "#####\n",
      "Processing unit 951104838, 4201/5775, 2025-04-07 18:33:19.942968\n",
      "#####\n",
      "Processing unit 951132230, 4301/5775, 2025-04-07 18:33:20.902317\n",
      "#####\n",
      "Processing unit 951137679, 4401/5775, 2025-04-07 18:33:22.088700\n",
      "#####\n",
      "Processing unit 951088333, 4501/5775, 2025-04-07 18:33:23.553608\n",
      "#####\n",
      "Processing unit 951101321, 4601/5775, 2025-04-07 18:33:24.838546\n",
      "#####\n",
      "Processing unit 951109116, 4701/5775, 2025-04-07 18:33:25.720251\n",
      "#####\n",
      "Processing unit 951167213, 4801/5775, 2025-04-07 18:33:27.359228\n",
      "#####\n",
      "Processing unit 951168614, 4901/5775, 2025-04-07 18:33:28.980582\n",
      "#####\n",
      "Processing unit 951172317, 5001/5775, 2025-04-07 18:33:30.105211\n",
      "#####\n",
      "Processing unit 951174346, 5101/5775, 2025-04-07 18:33:31.375092\n",
      "#####\n",
      "Processing unit 951126495, 5201/5775, 2025-04-07 18:33:32.976568\n",
      "#####\n",
      "Processing unit 951128855, 5301/5775, 2025-04-07 18:33:34.666575\n",
      "#####\n",
      "Processing unit 951143733, 5401/5775, 2025-04-07 18:33:37.481435\n",
      "#####\n",
      "Processing unit 951153561, 5501/5775, 2025-04-07 18:33:38.219153\n",
      "#####\n",
      "Processing unit 951186638, 5601/5775, 2025-04-07 18:33:40.206600\n",
      "#####\n",
      "Processing unit 951189448, 5701/5775, 2025-04-07 18:33:41.468442\n"
     ]
    }
   ],
   "source": [
    "acf_full_2d = acf_full_df[acf_cols].values\n",
    "print(f'acf_2d shape {acf_full_2d.shape}')\n",
    "acf_full_unit_ids = acf_full_df['unit_id'].values\n",
    "print(f'acf_full_unit_ids shape {acf_full_unit_ids.shape}')\n",
    "\n",
    "acf_full_dict = {}\n",
    "for unit_id_idx, unit_id in enumerate(acf_full_unit_ids):\n",
    "    if unit_id_idx % 100 == 0:\n",
    "        print(f'#####\\nProcessing unit {unit_id}, {unit_id_idx+1}/{len(acf_full_unit_ids)}, {datetime.now()}')\n",
    "    fit_popt, fit_pcov, tau, tau_ci, fit_r_squared, explained_var, log_message = fit_single_exp(acf_full_2d[unit_id_idx,:],\n",
    "                                                                              start_idx_=1, exp_fun_=func_single_exp_monkey)\n",
    "    taus = {'tau':tau,\n",
    "            'tau_lower':tau_ci[0],\n",
    "            'tau_upper':tau_ci[1],\n",
    "            'fit_r_squared': fit_r_squared,\n",
    "            'explained_var': explained_var,\n",
    "            'popt': fit_popt,\n",
    "            'pcov': fit_pcov,\n",
    "            'log_message': log_message}\n",
    "    acf_full_dict[unit_id] = {'taus': taus,\n",
    "                              'acf': acf_full_2d[unit_id_idx,:]}"
   ]
  },
  {
   "cell_type": "code",
   "execution_count": null,
   "id": "e157207f-dd67-4227-95ff-001d9e21f412",
   "metadata": {},
   "outputs": [],
   "source": [
    "isttc_full_2d = acf_isttc_full_df[acf_cols].values\n",
    "print(f'isttc_full_2d shape {isttc_full_2d.shape}')\n",
    "isttc_full_unit_ids = acf_isttc_full_df['unit_id'].values\n",
    "print(f'isttc_full_unit_ids shape {isttc_full_unit_ids.shape}')\n",
    "\n",
    "isttc_full_dict = {}\n",
    "for unit_id_idx, unit_id in enumerate(isttc_full_unit_ids):\n",
    "    if unit_id_idx % 1000 == 0:\n",
    "        print(f'#####\\nProcessing unit {unit_id}, {unit_id_idx+1}/{len(isttc_full_unit_ids)}, {datetime.now()}')\n",
    "    fit_popt, fit_pcov, tau, tau_ci, fit_r_squared, explained_var, log_message = fit_single_exp(isttc_full_2d[unit_id_idx,:],\n",
    "                                                                              start_idx_=1, exp_fun_=func_single_exp_monkey)\n",
    "    taus = {'tau':tau,\n",
    "            'tau_lower':tau_ci[0],\n",
    "            'tau_upper':tau_ci[1],\n",
    "            'fit_r_squared': fit_r_squared,\n",
    "            'explained_var': explained_var,\n",
    "            'popt': fit_popt,\n",
    "            'pcov': fit_pcov,\n",
    "            'log_message': log_message}\n",
    "    isttc_full_dict[unit_id] = {'taus': taus,\n",
    "                                'acf': isttc_full_2d[unit_id_idx,:]}"
   ]
  },
  {
   "cell_type": "code",
   "execution_count": null,
   "id": "2c551eca-f0ce-4a85-8268-1e63649c207c",
   "metadata": {},
   "outputs": [],
   "source": [
    "with open(dataset_folder + 'non_binned\\\\acf\\\\acf_isttc_full_50ms_20lags_dict.pkl', \"wb\") as f:\n",
    "    pickle.dump(isttc_full_dict, f)"
   ]
  },
  {
   "cell_type": "code",
   "execution_count": 14,
   "id": "57287a76-7083-4473-a47d-296800177a2c",
   "metadata": {},
   "outputs": [],
   "source": [
    "with open(dataset_folder + 'binned\\\\acf\\\\acf_full_50ms_20lags_dict.pkl', \"wb\") as f:\n",
    "    pickle.dump(acf_full_dict, f)"
   ]
  },
  {
   "cell_type": "markdown",
   "id": "52a6cabd-ac42-4bd5-977d-e78f3429898e",
   "metadata": {},
   "source": [
    "#### Load calculated taus"
   ]
  },
  {
   "cell_type": "code",
   "execution_count": 17,
   "id": "c6173439-a632-4682-af0f-afc9f8453c8e",
   "metadata": {},
   "outputs": [],
   "source": [
    "with open(dataset_folder + 'non_binned\\\\acf\\\\acf_isttc_full_50ms_20lags_dict.pkl', \"rb\") as f:\n",
    "    isttc_full_dict = pickle.load(f)\n",
    "\n",
    "with open(dataset_folder + 'binned\\\\acf\\\\acf_full_50ms_20lags_dict.pkl', \"rb\") as f:\n",
    "    acf_full_dict = pickle.load(f)\n",
    "\n",
    "with open(dataset_folder + 'binned\\\\acf\\\\pearsonr_trial_avg_50ms_20lags_dict_0_2000.pkl', \"rb\") as f:\n",
    "    pearsonr_trial_avg_dict = pickle.load(f)\n",
    "\n",
    "with open(dataset_folder + 'non_binned\\\\acf\\\\sttc_trial_concat_50ms_20lags_dict100_2000.pkl', \"rb\") as f:\n",
    "    sttc_trial_concat_dict = pickle.load(f)"
   ]
  },
  {
   "cell_type": "markdown",
   "id": "c443974e-21ca-4872-9fc7-ddbff7f8135b",
   "metadata": {},
   "source": [
    "#### Prep data for plots"
   ]
  },
  {
   "cell_type": "code",
   "execution_count": 18,
   "id": "09115d2e-f6a2-4b81-88b1-6f519c882d3f",
   "metadata": {},
   "outputs": [],
   "source": [
    "def calculate_acf_decline_flag(acf_, start_idx=3, end_idx=5):\n",
    "    acf_decay = np.all(np.diff(acf_[start_idx:end_idx]) <= 0)\n",
    "    return acf_decay"
   ]
  },
  {
   "cell_type": "code",
   "execution_count": 22,
   "id": "d7c5c752-45b5-4cb5-a25d-9236174ab034",
   "metadata": {},
   "outputs": [
    {
     "data": {
      "text/plain": [
       "[{'tau': np.float64(0.8490503974373463),\n",
       "  'tau_lower': np.float64(-0.7344096897128075),\n",
       "  'tau_upper': np.float64(2.4325104845875),\n",
       "  'fit_r_squared': 0.3352365401634976,\n",
       "  'explained_var': 0.3352365401634977,\n",
       "  'popt': array([ 0.52402486,  0.8490504 , -0.01975556]),\n",
       "  'pcov': array([[ 0.37301901, -0.43697194,  0.01790533],\n",
       "         [-0.43697194,  0.5632812 , -0.02338785],\n",
       "         [ 0.01790533, -0.02338785,  0.00158821]]),\n",
       "  'log_message': 'ok'},\n",
       " {'tau': np.float64(0.0933013304370974),\n",
       "  'tau_lower': np.float64(-196.6233487351656),\n",
       "  'tau_upper': np.float64(196.8099513960398),\n",
       "  'fit_r_squared': 0.5271176778979456,\n",
       "  'explained_var': 0.5271176815025742,\n",
       "  'popt': array([1.19222951e+04, 9.33013304e-02, 1.63888382e-06]),\n",
       "  'pcov': array([[ 1.63065158e+16, -1.19063107e+10, -2.24151816e+06],\n",
       "         [-1.19063107e+10,  8.69347183e+03,  1.63665936e+00],\n",
       "         [-2.24151816e+06,  1.63665936e+00,  3.08122456e-04]]),\n",
       "  'log_message': 'ok'},\n",
       " {'tau': np.float64(0.4096623685387619),\n",
       "  'tau_lower': np.float64(-1.4155701644187655),\n",
       "  'tau_upper': np.float64(2.2348949014962893),\n",
       "  'fit_r_squared': 0.23484572323074393,\n",
       "  'explained_var': 0.23484572323607578,\n",
       "  'popt': array([1.73835823, 0.40966237, 0.00934348]),\n",
       "  'pcov': array([[ 8.12015118e+01, -7.76611668e+00, -4.16482787e-01],\n",
       "         [-7.76611668e+00,  7.48423495e-01,  3.96466090e-02],\n",
       "         [-4.16482787e-01,  3.96466090e-02,  2.21897289e-03]]),\n",
       "  'log_message': 'ok'},\n",
       " {'tau': np.float64(32.62032813902742),\n",
       "  'tau_lower': np.float64(-154.28175407995752),\n",
       "  'tau_upper': np.float64(219.5224103580124),\n",
       "  'fit_r_squared': 0.6063715568416659,\n",
       "  'explained_var': 0.6063715568416659,\n",
       "  'popt': array([ 0.38474903, 32.62032814, -0.74478789]),\n",
       "  'pcov': array([[ 5.65359606e-01,  6.62541185e+01, -4.24595932e-01],\n",
       "         [ 6.62541185e+01,  7.84764394e+03, -5.02894146e+01],\n",
       "         [-4.24595932e-01, -5.02894146e+01,  3.22899261e-01]]),\n",
       "  'log_message': 'ok'},\n",
       " {'tau': np.float64(1.0563875841787091),\n",
       "  'tau_lower': np.float64(-2.3147777300651846),\n",
       "  'tau_upper': np.float64(4.4275528984226025),\n",
       "  'fit_r_squared': 0.12953239176527032,\n",
       "  'explained_var': 0.12953239176527076,\n",
       "  'popt': array([ 0.2046967 ,  1.05638758, -0.14701173]),\n",
       "  'pcov': array([[ 0.12445936, -0.52232987,  0.09462038],\n",
       "         [-0.52232987,  2.55311931, -0.41474496],\n",
       "         [ 0.09462038, -0.41474496,  0.07624847]]),\n",
       "  'log_message': 'ok'},\n",
       " {'tau': np.float64(1.7132035709713203),\n",
       "  'tau_lower': np.float64(-0.5907478709889349),\n",
       "  'tau_upper': np.float64(4.017155012931576),\n",
       "  'fit_r_squared': 0.42059970302556005,\n",
       "  'explained_var': 0.42059970302556005,\n",
       "  'popt': array([ 0.35699431,  1.71320357, -0.02039248]),\n",
       "  'pcov': array([[ 0.03931395, -0.18383938,  0.00433801],\n",
       "         [-0.18383938,  1.19249799, -0.03731132],\n",
       "         [ 0.00433801, -0.03731132,  0.00301712]]),\n",
       "  'log_message': 'ok'},\n",
       " {'tau': np.float64(0.09884264756023928),\n",
       "  'tau_lower': np.float64(-372.1483509414355),\n",
       "  'tau_upper': np.float64(372.34603623655596),\n",
       "  'fit_r_squared': 0.10549800579774415,\n",
       "  'explained_var': 0.10549801639319234,\n",
       "  'popt': array([2.88377417e+03, 9.88426476e-02, 6.21387565e-06]),\n",
       "  'pcov': array([[ 2.71217356e+15, -9.18852236e+09, -5.84403023e+06],\n",
       "         [-9.18852236e+09,  3.11296240e+04,  1.97988813e+01],\n",
       "         [-5.84403023e+06,  1.97988813e+01,  1.25923687e-02]]),\n",
       "  'log_message': 'ok'},\n",
       " {'tau': np.float64(0.11463035438154942),\n",
       "  'tau_lower': np.float64(-77.71574428297998),\n",
       "  'tau_upper': np.float64(77.94500499174308),\n",
       "  'fit_r_squared': 0.23110162246368782,\n",
       "  'explained_var': 0.23110162246581312,\n",
       "  'popt': array([ 9.18718460e+02,  1.14630354e-01, -2.16171405e-06]),\n",
       "  'pcov': array([[ 6.65224379e+12, -9.51455978e+07,  1.56631556e+04],\n",
       "         [-9.51455978e+07,  1.36084685e+03, -2.24026736e-01],\n",
       "         [ 1.56631556e+04, -2.24026736e-01,  3.68802436e-05]]),\n",
       "  'log_message': 'ok'},\n",
       " {'tau': np.float64(0.08840734106161474),\n",
       "  'tau_lower': np.float64(0.0819563236589796),\n",
       "  'tau_upper': np.float64(0.09485835846424988),\n",
       "  'fit_r_squared': 0.28997367729819756,\n",
       "  'explained_var': 0.28997367731114854,\n",
       "  'popt': array([1.92606860e+04, 8.84073411e-02, 1.72988768e-07]),\n",
       "  'pcov': array([[ 1.53949100e-18,  3.79378134e-12, -3.12555705e-16],\n",
       "         [ 3.79378134e-12,  9.34904904e-06, -7.70233824e-10],\n",
       "         [-3.12555705e-16, -7.70233824e-10,  1.20561900e-12]]),\n",
       "  'log_message': 'ok'},\n",
       " {'tau': np.float64(0.9777045863903984),\n",
       "  'tau_lower': np.float64(-1.258414818748338),\n",
       "  'tau_upper': np.float64(3.213823991529135),\n",
       "  'fit_r_squared': 0.23246860942300807,\n",
       "  'explained_var': 0.23246860942300795,\n",
       "  'popt': array([ 0.29316265,  0.97770459, -0.05501669]),\n",
       "  'pcov': array([[ 0.14477692, -0.37776713,  0.03081182],\n",
       "         [-0.37776713,  1.12331353, -0.08704007],\n",
       "         [ 0.03081182, -0.08704007,  0.00831076]]),\n",
       "  'log_message': 'ok'},\n",
       " {'tau': np.float64(0.09391348937508434),\n",
       "  'tau_lower': np.float64(-851.7458426389067),\n",
       "  'tau_upper': np.float64(851.9336696176567),\n",
       "  'fit_r_squared': 0.05038764335354118,\n",
       "  'explained_var': 0.050387643378909996,\n",
       "  'popt': array([ 2.84055291e+03,  9.39134894e-02, -2.34551730e-06]),\n",
       "  'pcov': array([[ 1.69090858e+16, -5.25017132e+10,  1.39624519e+07],\n",
       "         [-5.25017132e+10,  1.63014719e+05, -4.33525888e+01],\n",
       "         [ 1.39624519e+07, -4.33525888e+01,  1.15293083e-02]]),\n",
       "  'log_message': 'ok'},\n",
       " {'tau': np.float64(0.8578599053560338),\n",
       "  'tau_lower': np.float64(-0.21742188284726627),\n",
       "  'tau_upper': np.float64(1.933141693559334),\n",
       "  'fit_r_squared': 0.5253921190797219,\n",
       "  'explained_var': 0.525392119079722,\n",
       "  'popt': array([ 0.76066114,  0.85785991, -0.00568501]),\n",
       "  'pcov': array([[ 0.34986611, -0.28704074,  0.00515874],\n",
       "         [-0.28704074,  0.25975002, -0.00537364],\n",
       "         [ 0.00515874, -0.00537364,  0.00041748]]),\n",
       "  'log_message': 'ok'},\n",
       " {'tau': np.float64(1.665435235428705),\n",
       "  'tau_lower': np.float64(0.14133442046072275),\n",
       "  'tau_upper': np.float64(3.189536050396687),\n",
       "  'fit_r_squared': 0.6112670267238952,\n",
       "  'explained_var': 0.6112670267238952,\n",
       "  'popt': array([ 5.18394202e-01,  1.66543524e+00, -8.71904509e-04]),\n",
       "  'pcov': array([[ 0.03951171, -0.12265782,  0.00145628],\n",
       "         [-0.12265782,  0.52184124, -0.01172563],\n",
       "         [ 0.00145628, -0.01172563,  0.00115957]]),\n",
       "  'log_message': 'ok'},\n",
       " {'tau': np.float64(0.09301582393668888),\n",
       "  'tau_lower': np.float64(-544.3418180295042),\n",
       "  'tau_upper': np.float64(544.5278496773775),\n",
       "  'fit_r_squared': 0.1330471489208731,\n",
       "  'explained_var': 0.13304714900674086,\n",
       "  'popt': array([5.43522934e+03, 9.30158239e-02, 4.04877481e-06]),\n",
       "  'pcov': array([[ 2.62791178e+16, -4.18318239e+10, -1.95755421e+07],\n",
       "         [-4.18318239e+10,  6.65890501e+04,  3.11608873e+01],\n",
       "         [-1.95755421e+07,  3.11608873e+01,  1.45819906e-02]]),\n",
       "  'log_message': 'ok'},\n",
       " {'tau': np.float64(0.5306512852017838),\n",
       "  'tau_lower': np.float64(-1.166082718589133),\n",
       "  'tau_upper': np.float64(2.2273852889927004),\n",
       "  'fit_r_squared': 0.24173474680959262,\n",
       "  'explained_var': 0.24173474680965534,\n",
       "  'popt': array([1.05897825, 0.53065129, 0.01639039]),\n",
       "  'pcov': array([[ 9.58115119e+00, -2.46057868e+00, -1.36454456e-01],\n",
       "         [-2.46057868e+00,  6.46753128e-01,  3.44576402e-02],\n",
       "         [-1.36454456e-01,  3.44576402e-02,  2.19281510e-03]]),\n",
       "  'log_message': 'ok'},\n",
       " {'tau': np.float64(0.7637148446515295),\n",
       "  'tau_lower': np.float64(-2.5520770792426792),\n",
       "  'tau_upper': np.float64(4.0795067685457385),\n",
       "  'fit_r_squared': 0.09301179419468752,\n",
       "  'explained_var': 0.0930117941953974,\n",
       "  'popt': array([0.43516843, 0.76371484, 0.22182666]),\n",
       "  'pcov': array([[ 1.62915382, -1.9336077 , -0.81493607],\n",
       "         [-1.9336077 ,  2.46993514,  0.95923101],\n",
       "         [-0.81493607,  0.95923101,  0.41030443]]),\n",
       "  'log_message': 'ok'},\n",
       " {'tau': np.float64(1.0940308791813356),\n",
       "  'tau_lower': np.float64(-1.9306342992578667),\n",
       "  'tau_upper': np.float64(4.118696057620538),\n",
       "  'fit_r_squared': 0.16301876138584626,\n",
       "  'explained_var': 0.1630187613858477,\n",
       "  'popt': array([0.38599228, 1.09403088, 0.04849916]),\n",
       "  'pcov': array([[ 0.31807577, -0.7452957 , -0.03238232],\n",
       "         [-0.7452957 ,  2.05525458,  0.06070341],\n",
       "         [-0.03238232,  0.06070341,  0.0068781 ]]),\n",
       "  'log_message': 'ok'},\n",
       " {'tau': np.float64(0.08196461195699914),\n",
       "  'tau_lower': np.float64(0.07172585430217544),\n",
       "  'tau_upper': np.float64(0.09220336961182284),\n",
       "  'fit_r_squared': 0.10697389354601294,\n",
       "  'explained_var': 0.10697389357692022,\n",
       "  'popt': array([2.19734492e+04, 8.19646120e-02, 1.58450573e-07]),\n",
       "  'pcov': array([[ 2.20147648e-18,  7.20045257e-12, -2.83659516e-16],\n",
       "         [ 7.20045257e-12,  2.35507932e-05, -9.27775946e-10],\n",
       "         [-2.83659516e-16, -9.27775946e-10,  6.94425315e-13]]),\n",
       "  'log_message': 'ok'},\n",
       " {'tau': np.float64(90757.43615372934),\n",
       "  'tau_lower': np.float64(-1103995632.3464768),\n",
       "  'tau_upper': np.float64(1104177147.218784),\n",
       "  'fit_r_squared': 0.3857138113635382,\n",
       "  'explained_var': 0.38571381136353833,\n",
       "  'popt': array([ 4.54890696e+02,  9.07574362e+04, -9.99908270e-01]),\n",
       "  'pcov': array([[ 6.87819401e+12,  1.37244760e+15, -1.38707992e+06],\n",
       "         [ 1.37244760e+15,  2.73852761e+17, -2.76772436e+08],\n",
       "         [-1.38707992e+06, -2.76772436e+08,  2.79723240e-01]]),\n",
       "  'log_message': 'ok'},\n",
       " {'tau': np.float64(2.9563859339139507),\n",
       "  'tau_lower': np.float64(0.1918786968653916),\n",
       "  'tau_upper': np.float64(5.72089317096251),\n",
       "  'fit_r_squared': 0.6173663907835747,\n",
       "  'explained_var': 0.6173663907835746,\n",
       "  'popt': array([ 0.28185523,  2.95638593, -0.17946034]),\n",
       "  'pcov': array([[ 0.00651148, -0.07678625,  0.00509116],\n",
       "         [-0.07678625,  1.71690582, -0.10189649],\n",
       "         [ 0.00509116, -0.10189649,  0.00758824]]),\n",
       "  'log_message': 'ok'},\n",
       " {'tau': np.float64(0.5396792903657246),\n",
       "  'tau_lower': np.float64(-0.9286934385094594),\n",
       "  'tau_upper': np.float64(2.0080520192409086),\n",
       "  'fit_r_squared': 0.2988859888511306,\n",
       "  'explained_var': 0.2988859888511429,\n",
       "  'popt': array([1.23457688, 0.53967929, 0.00939084]),\n",
       "  'pcov': array([[ 9.14889865e+00, -2.07924947e+00, -5.92610198e-02],\n",
       "         [-2.07924947e+00,  4.84377131e-01,  1.29967345e-02],\n",
       "         [-5.92610198e-02,  1.29967345e-02,  5.83030370e-04]]),\n",
       "  'log_message': 'ok'},\n",
       " {'tau': np.float64(0.0959921862710886),\n",
       "  'tau_lower': np.float64(-295.7987825302688),\n",
       "  'tau_upper': np.float64(295.99076690281095),\n",
       "  'fit_r_squared': 0.2323621315801706,\n",
       "  'explained_var': 0.23236214502327035,\n",
       "  'popt': array([4.07662503e+03, 9.59921863e-02, 1.14785000e-05]),\n",
       "  'pcov': array([[ 3.84984043e+15, -8.70190155e+09, -1.08398987e+07],\n",
       "         [-8.70190155e+09,  1.96691505e+04,  2.45017249e+01],\n",
       "         [-1.08398987e+07,  2.45017249e+01,  3.05216294e-02]]),\n",
       "  'log_message': 'ok'},\n",
       " {'tau': np.float64(2.562189591673318),\n",
       "  'tau_lower': np.float64(-0.5841548249117388),\n",
       "  'tau_upper': np.float64(5.708534008258375),\n",
       "  'fit_r_squared': 0.47192334905961675,\n",
       "  'explained_var': 0.47192334905961675,\n",
       "  'popt': array([ 0.28226947,  2.56218959, -0.01013159]),\n",
       "  'pcov': array([[ 1.34159346e-02, -1.32075069e-01,  2.07919499e-03],\n",
       "         [-1.32075069e-01,  2.22394239e+00, -6.82665530e-02],\n",
       "         [ 2.07919499e-03, -6.82665530e-02,  5.05872100e-03]]),\n",
       "  'log_message': 'ok'},\n",
       " {'tau': np.float64(0.9220763712870441),\n",
       "  'tau_lower': np.float64(-0.3458104414956409),\n",
       "  'tau_upper': np.float64(2.189963184069729),\n",
       "  'fit_r_squared': 0.4655456056646117,\n",
       "  'explained_var': 0.4655456056646117,\n",
       "  'popt': array([ 0.66981882,  0.92207637, -0.02601759]),\n",
       "  'pcov': array([[ 0.29537104, -0.30829177,  0.01434436],\n",
       "         [-0.30829177,  0.361137  , -0.01685175],\n",
       "         [ 0.01434436, -0.01685175,  0.00122186]]),\n",
       "  'log_message': 'ok'},\n",
       " {'tau': np.float64(2.098242511454662),\n",
       "  'tau_lower': np.float64(-0.49105177980654036),\n",
       "  'tau_upper': np.float64(4.687536802715865),\n",
       "  'fit_r_squared': 0.46200559624471427,\n",
       "  'explained_var': 0.46200559624471427,\n",
       "  'popt': array([0.36928928, 2.09824251, 0.0081066 ]),\n",
       "  'pcov': array([[ 2.88031678e-02, -1.68621640e-01,  1.34557850e-03],\n",
       "         [-1.68621640e-01,  1.50616946e+00, -3.46569079e-02],\n",
       "         [ 1.34557850e-03, -3.46569079e-02,  3.30711103e-03]]),\n",
       "  'log_message': 'ok'},\n",
       " {'tau': np.float64(0.08990875974272322),\n",
       "  'tau_lower': np.float64(-532.0619096356658),\n",
       "  'tau_upper': np.float64(532.2417271551511),\n",
       "  'fit_r_squared': 0.22771597649410114,\n",
       "  'explained_var': 0.22771597885207218,\n",
       "  'popt': array([9.70855305e+03, 8.99087597e-02, 4.07919407e-06]),\n",
       "  'pcov': array([[ 9.17662614e+16, -7.64068992e+10, -3.85568555e+07],\n",
       "         [-7.64068992e+10,  6.36183076e+04,  3.21034084e+01],\n",
       "         [-3.85568555e+07,  3.21034084e+01,  1.62001926e-02]]),\n",
       "  'log_message': 'ok'},\n",
       " {'tau': np.float64(0.0821389689314389),\n",
       "  'tau_lower': np.float64(0.07666468725174104),\n",
       "  'tau_upper': np.float64(0.08761325061113677),\n",
       "  'fit_r_squared': 0.2970601234607233,\n",
       "  'explained_var': 0.2970601234921213,\n",
       "  'popt': array([ 2.80718099e+04,  8.21389689e-02, -6.08954094e-07]),\n",
       "  'pcov': array([[ 3.88884738e-19,  1.61805431e-12, -6.51376941e-17],\n",
       "         [ 1.61805431e-12,  6.73232838e-06, -2.71022001e-10],\n",
       "         [-6.51376941e-17, -2.71022001e-10,  2.07294816e-13]]),\n",
       "  'log_message': 'ok'},\n",
       " {'tau': np.float64(2.4220399063778486),\n",
       "  'tau_lower': np.float64(-0.26234727948492376),\n",
       "  'tau_upper': np.float64(5.1064270922406205),\n",
       "  'fit_r_squared': 0.5201004158374622,\n",
       "  'explained_var': 0.5201004158374622,\n",
       "  'popt': array([0.30701131, 2.42203991, 0.01199636]),\n",
       "  'pcov': array([[ 1.37762183e-02, -1.16197913e-01,  8.55220890e-04],\n",
       "         [-1.16197913e-01,  1.61883030e+00, -4.02613670e-02],\n",
       "         [ 8.55220890e-04, -4.02613670e-02,  3.51666127e-03]]),\n",
       "  'log_message': 'ok'},\n",
       " {'tau': np.float64(36.49405402193896),\n",
       "  'tau_lower': np.float64(-247.47410386673687),\n",
       "  'tau_upper': np.float64(320.46221191061477),\n",
       "  'fit_r_squared': 0.5102797202036846,\n",
       "  'explained_var': 0.5102797202039789,\n",
       "  'popt': array([ 0.41791241, 36.49405402, -0.60119028]),\n",
       "  'pcov': array([[ 1.32494268e+00,  1.54312092e+02, -1.34973818e+00],\n",
       "         [ 1.54312092e+02,  1.81154989e+04, -1.57959220e+02],\n",
       "         [-1.34973818e+00, -1.57959220e+02,  1.37981773e+00]]),\n",
       "  'log_message': 'ok'},\n",
       " {'tau': np.float64(0.08717038489259102),\n",
       "  'tau_lower': np.float64(0.07690635544285265),\n",
       "  'tau_upper': np.float64(0.09743441434232938),\n",
       "  'fit_r_squared': 0.13236878927737994,\n",
       "  'explained_var': 0.13236879572219284,\n",
       "  'popt': array([1.12535613e+04, 8.71703849e-02, 7.71732538e-07]),\n",
       "  'pcov': array([[ 1.07905226e-17,  1.59806571e-11, -1.15339775e-15],\n",
       "         [ 1.59806571e-11,  2.36671950e-05, -1.70817087e-09],\n",
       "         [-1.15339775e-15, -1.70817087e-09,  2.34234754e-12]]),\n",
       "  'log_message': 'ok'},\n",
       " {'tau': np.float64(0.9369316426190719),\n",
       "  'tau_lower': np.float64(-4.331044437630707),\n",
       "  'tau_upper': np.float64(6.204907722868851),\n",
       "  'fit_r_squared': 0.04899958301256979,\n",
       "  'explained_var': 0.048999583012575676,\n",
       "  'popt': array([0.304114  , 0.93693164, 0.15835365]),\n",
       "  'pcov': array([[ 0.99631553, -2.34777827, -0.49670205],\n",
       "         [-2.34777827,  6.23445651,  1.13682728],\n",
       "         [-0.49670205,  1.13682728,  0.25687814]]),\n",
       "  'log_message': 'ok'},\n",
       " {'tau': np.float64(0.9437558388120962),\n",
       "  'tau_lower': np.float64(-0.5348732747236306),\n",
       "  'tau_upper': np.float64(2.422384952347823),\n",
       "  'fit_r_squared': 0.39770817750457177,\n",
       "  'explained_var': 0.3977081775045719,\n",
       "  'popt': array([ 0.60692894,  0.94375584, -0.02169121]),\n",
       "  'pcov': array([[ 0.30514105, -0.36434934,  0.01434781],\n",
       "         [-0.36434934,  0.49116738, -0.01982403],\n",
       "         [ 0.01434781, -0.01982403,  0.00141015]]),\n",
       "  'log_message': 'ok'},\n",
       " {'tau': np.float64(1.321419692479423),\n",
       "  'tau_lower': np.float64(-0.1862212881619556),\n",
       "  'tau_upper': np.float64(2.829060673120802),\n",
       "  'fit_r_squared': 0.5150216221369595,\n",
       "  'explained_var': 0.5150216221369595,\n",
       "  'popt': array([ 0.52456876,  1.32141969, -0.06835398]),\n",
       "  'pcov': array([[ 0.08032832, -0.18096526,  0.01242602],\n",
       "         [-0.18096526,  0.51063065, -0.03316055],\n",
       "         [ 0.01242602, -0.03316055,  0.0029285 ]]),\n",
       "  'log_message': 'ok'},\n",
       " {'tau': np.float64(1.217930653105467),\n",
       "  'tau_lower': np.float64(-2.563249140598928),\n",
       "  'tau_upper': np.float64(4.999110446809862),\n",
       "  'fit_r_squared': 0.128510812069765,\n",
       "  'explained_var': 0.128510812069765,\n",
       "  'popt': array([ 0.29242352,  1.21793065, -0.04284073]),\n",
       "  'pcov': array([[ 0.20266017, -0.7311081 ,  0.03742363],\n",
       "         [-0.7311081 ,  3.21192701, -0.16359743],\n",
       "         [ 0.03742363, -0.16359743,  0.01296351]]),\n",
       "  'log_message': 'ok'},\n",
       " {'tau': np.float64(0.7147843729724693),\n",
       "  'tau_lower': np.float64(-0.23750280951100167),\n",
       "  'tau_upper': np.float64(1.6670715554559403),\n",
       "  'fit_r_squared': 0.5391104859920395,\n",
       "  'explained_var': 0.5391104859920395,\n",
       "  'popt': array([1.09177995, 0.71478437, 0.0059151 ]),\n",
       "  'pcov': array([[ 1.06948909e+00, -4.52667302e-01, -2.40006641e-03],\n",
       "         [-4.52667302e-01,  2.03726202e-01,  4.72001674e-04],\n",
       "         [-2.40006641e-03,  4.72001674e-04,  1.96327750e-04]]),\n",
       "  'log_message': 'ok'},\n",
       " {'tau': np.float64(10.86744513779035),\n",
       "  'tau_lower': np.float64(-19.19139179677962),\n",
       "  'tau_upper': np.float64(40.926282072360316),\n",
       "  'fit_r_squared': 0.45382774453107344,\n",
       "  'explained_var': 0.4538277445310739,\n",
       "  'popt': array([ 0.24418193, 10.86744514, -0.38155794]),\n",
       "  'pcov': array([[ 1.22003870e-02,  1.25144397e+00, -3.86963885e-02],\n",
       "         [ 1.25144397e+00,  2.02980985e+02, -6.06955337e+00],\n",
       "         [-3.86963885e-02, -6.06955337e+00,  1.85553844e-01]]),\n",
       "  'log_message': 'ok'},\n",
       " {'tau': np.float64(0.6620154906269594),\n",
       "  'tau_lower': np.float64(-0.4955971057968357),\n",
       "  'tau_upper': np.float64(1.8196280870507544),\n",
       "  'fit_r_squared': 0.42733326238953495,\n",
       "  'explained_var': 0.4273332623895356,\n",
       "  'popt': array([0.89358452, 0.66201549, 0.00662391]),\n",
       "  'pcov': array([[ 1.39561124e+00, -6.32466554e-01, -6.01724302e-03],\n",
       "         [-6.32466554e-01,  3.01049215e-01,  2.09690511e-03],\n",
       "         [-6.01724302e-03,  2.09690511e-03,  2.60734847e-04]]),\n",
       "  'log_message': 'ok'},\n",
       " {'tau': np.float64(0.13846390872555936),\n",
       "  'tau_lower': np.float64(-332.7371037946291),\n",
       "  'tau_upper': np.float64(333.0140316120802),\n",
       "  'fit_r_squared': 0.0017345556201694423,\n",
       "  'explained_var': 0.001734555797863857,\n",
       "  'popt': array([1.79252603e+01, 1.38463909e-01, 2.14676693e-03]),\n",
       "  'pcov': array([[ 2.17583048e+10, -2.32728643e+07, -2.60578443e+06],\n",
       "         [-2.32728643e+07,  2.48928631e+04,  2.78716874e+03],\n",
       "         [-2.60578443e+06,  2.78716874e+03,  3.12069923e+02]]),\n",
       "  'log_message': 'ok'},\n",
       " {'tau': np.float64(0.47413827272787934),\n",
       "  'tau_lower': np.float64(-3.7356630560734363),\n",
       "  'tau_upper': np.float64(4.683939601529195),\n",
       "  'fit_r_squared': 0.04994848298663479,\n",
       "  'explained_var': 0.049948482986961085,\n",
       "  'popt': array([0.48961536, 0.47413827, 0.00456598]),\n",
       "  'pcov': array([[ 1.94005338e+01, -8.72389648e+00, -1.47910943e-01],\n",
       "         [-8.72389648e+00,  3.98138534e+00,  6.43593820e-02],\n",
       "         [-1.47910943e-01,  6.43593820e-02,  2.07919027e-03]]),\n",
       "  'log_message': 'ok'},\n",
       " {'tau': np.float64(0.5509837721464866),\n",
       "  'tau_lower': np.float64(-0.47731794550242423),\n",
       "  'tau_upper': np.float64(1.5792854897953976),\n",
       "  'fit_r_squared': 0.46579155868056954,\n",
       "  'explained_var': 0.46579155868057387,\n",
       "  'popt': array([1.19391661, 0.55098377, 0.01010724]),\n",
       "  'pcov': array([[ 3.88017201e+00, -9.47342095e-01, -2.79581430e-02],\n",
       "         [-9.47342095e-01,  2.37548413e-01,  6.57397153e-03],\n",
       "         [-2.79581430e-02,  6.57397153e-03,  3.06861804e-04]]),\n",
       "  'log_message': 'ok'},\n",
       " {'tau': np.float64(79277.56889384675),\n",
       "  'tau_lower': np.float64(-938276367.7232884),\n",
       "  'tau_upper': np.float64(938434922.861076),\n",
       "  'fit_r_squared': 0.35813896281677204,\n",
       "  'explained_var': 0.35813896281679347,\n",
       "  'popt': array([ 9.62347140e+02,  7.92775689e+04, -9.99784370e-01]),\n",
       "  'pcov': array([[ 2.91417179e+13,  2.40093582e+15, -6.52981168e+06],\n",
       "         [ 2.40093582e+15,  1.97808957e+17, -5.37979910e+08],\n",
       "         [-6.52981168e+06, -5.37979910e+08,  1.46314094e+00]]),\n",
       "  'log_message': 'ok'},\n",
       " {'tau': np.float64(63435.59675943323),\n",
       "  'tau_lower': np.float64(-1352927159.5657363),\n",
       "  'tau_upper': np.float64(1353054030.759255),\n",
       "  'fit_r_squared': 0.31154904109990045,\n",
